  1 -0.402598 -0.816103 -0.747281 -0.731675 0.270968 -0.630571 0.111421 -0.668654 -1.199479 -1.237465 -1.324194 -1.779379 -1.213010 -0.313965 -1.046454 0.064826 -1.447908 -0.007680 
  2 -0.510245 -0.125566 0.115243 -0.263964 0.270968 0.184534 -0.462717 -0.668654 -0.292708 -0.367685 0.148227 -0.477683 -0.010864 0.286166 -0.472039 0.064826 -0.208054 -0.007680 
  3 -1.061586 -0.837802 0.202980 -0.720373 0.270968 -0.155323 -1.036854 -0.795069 0.614062 0.423024 -0.178978 -0.116101 -0.912474 -0.313965 -0.472039 0.064826 -0.827981 -0.007680 
  4 1.119439 0.898115 0.777996 1.326948 -0.780980 1.078387 -0.462717 -0.407924 -0.594965 0.054026 -0.506183 -0.333050 -0.211222 0.586232 0.471642 0.064826 0.386043 -0.007680 
  5 -0.713371 -0.606772 -0.813421 -0.375241 -0.780980 -0.550442 -0.462717 -0.668654 0.614062 -0.578541 -0.833387 -0.622316 -1.012653 -0.313965 -1.087484 0.064826 -1.447908 -0.007680 
  6 -1.121494 -0.900347 -0.459773 -1.032470 0.270968 -0.890300 0.111421 2.309992 -0.897222 -0.815753 -0.015376 -0.116101 -0.511758 -0.313965 -0.677187 0.064826 -1.215435 -0.007680 
  7 -0.953003 -0.461261 -0.659544 -0.597795 1.322915 -0.761817 2.982107 -0.091887 -0.897222 -0.815753 0.802636 -0.116101 -0.311401 -0.313965 -0.882335 0.064826 -1.034623 -0.007680 
  8 -0.078721 -0.314474 -0.504316 0.214179 0.270968 -0.506233 0.111421 -0.597546 -0.292708 -0.815753 -0.015376 0.028532 -0.411580 -0.313965 -0.923365 0.064826 -0.957132 -0.007680 
  9 -0.066552 -0.669316 -0.879562 0.225480 -0.780980 -0.618138 -0.462717 -0.668654 -0.292708 -0.815753 -0.178978 -0.405367 -0.111043 -0.313965 -0.389980 0.064826 -1.447908 -0.007680 
 10 -0.845355 -0.983313 -0.813421 -1.088109 0.270968 -0.969048 0.685558 1.101152 -0.594965 -0.815753 -1.160592 -0.622316 -0.511758 0.286166 -0.759247 0.064826 -0.982963 -0.007680 
 11 -0.593555 -0.544228 -0.747281 -0.263964 0.270968 -0.687214 0.111421 -0.534339 -1.199479 -1.237465 -1.324194 -1.779379 -1.012653 -0.313965 -1.210572 0.064826 -1.370417 -0.007680 
 12 -0.941770 -0.983313 0.402751 -1.165481 2.374863 -0.754910 0.111421 4.640763 -0.897222 0.054026 1.293443 -0.116101 1.191282 1.186361 0.553702 0.064826 0.825158 -0.007680 
 13 0.041095 0.438607 0.292067 0.325456 -0.780980 0.581035 -0.462717 0.239951 -0.292708 -0.657612 0.475431 -0.622316 0.189493 -0.313965 -0.513069 0.064826 -0.672999 -0.007680 
 14 -0.713371 -0.565927 -0.770228 -0.375241 2.374863 -0.828131 -0.462717 -0.668654 0.009549 -0.710326 -0.833387 -0.622316 -0.812295 -0.313965 -0.923365 0.064826 -1.137944 -0.007680 
 15 -0.737708 -0.063022 -0.238405 -0.397844 0.270968 -0.323871 0.685558 -0.407924 0.009549 0.054026 -0.178978 0.100848 -0.311401 -0.313965 -0.513069 0.064826 -0.750490 -0.007680 
 16 -0.353923 3.491780 3.520796 -0.041410 -0.780980 3.885667 -1.036854 -0.795069 -1.199479 -1.237465 -1.160592 -0.622316 -1.112831 -0.313965 -1.128513 0.064826 -0.853811 -0.007680 
 17 -0.318353 0.438607 0.292067 -0.008375 -0.780980 0.581035 -0.462717 -0.668654 -1.199479 -1.237465 -1.324194 -1.779379 -1.313189 -0.313965 -1.087484 0.064826 -1.189605 -0.007680 
 18 0.065433 0.773027 0.645716 0.348059 -0.780980 0.942997 -1.036854 -0.795069 0.311805 0.054026 0.311829 0.245481 -0.010864 0.586232 -0.718217 0.064826 -0.388866 -0.007680 
 19 0.005525 0.416909 0.269121 0.292421 0.270968 -0.064142 -0.462717 0.500682 -1.199479 -1.237465 -0.506183 0.607064 -0.912474 -0.313965 -0.636158 0.064826 -0.595508 -0.007680 
 20 -0.893095 1.087024 0.977767 -0.542156 0.270968 0.297820 -1.036854 -0.795069 -0.897222 1.345517 -0.669785 -0.333050 -0.511758 -0.313965 -0.841306 0.064826 -0.853811 -0.007680 
 21 -0.845355 -0.669316 -0.084528 -0.921193 1.322915 -0.240978 -1.036854 -0.795069 -0.594965 -0.815753 -0.178978 -0.622316 -0.211222 -0.313965 -0.923365 0.064826 -0.698829 -0.007680 
 22 -0.510245 -0.461261 -0.659544 -0.186592 0.270968 -0.687214 -1.036854 -0.795069 -1.199479 -1.237465 -1.160592 -0.622316 -1.413368 -5.115007 -1.415721 -11.178629 -1.473738 -0.007680 
 23 -0.605724 -0.628471 -0.836368 -0.275266 3.426811 -0.772870 -0.462717 -0.668654 -0.897222 -0.815753 -0.669785 -0.333050 -1.313189 -0.313965 -1.087484 0.064826 -1.267096 -0.007680 
 24 -0.150797 0.585395 0.447295 0.147239 -0.780980 0.739911 -1.036854 -0.795069 -0.897222 -0.815753 -1.324194 -1.779379 -1.112831 -0.313965 -1.128513 0.064826 -1.008793 -0.007680 
 25 -0.390429 0.082489 -0.084528 -0.075315 -0.780980 0.195587 0.685558 -0.107689 0.009549 0.054026 0.148227 0.028532 0.289672 -0.013899 0.061346 0.064826 0.308552 -0.007680 
 26 -1.157064 -0.691015 -0.548860 -1.098541 -0.780980 -0.641624 0.685558 0.848322 0.311805 0.502094 -0.342580 -0.405367 -0.611937 -0.313965 -0.472039 0.064826 -0.750490 -0.007680 
 27 -0.630061 -0.878648 -0.681141 -0.787313 1.322915 -0.739713 -1.036854 -0.795069 -0.292708 -0.815753 -0.833387 -0.188417 -0.712116 -0.313965 -1.128513 0.064826 -1.551229 -0.007680 
 28 -1.025079 -0.648894 -0.857965 -0.664735 0.270968 -0.788066 -1.036854 -0.795069 -0.594965 -0.815753 -0.669785 -0.622316 -0.311401 -0.313965 -0.882335 0.064826 -1.577059 -0.007680 
 29 -1.037248 -0.816103 -1.034789 -0.676037 0.270968 -0.833657 -0.462717 -0.668654 -0.897222 -0.815753 -0.669785 -0.333050 -1.313189 -0.313965 -1.292632 0.064826 -1.602889 -0.007680 
 30 -0.426000 -0.816103 -1.034789 -0.108350 0.270968 -0.857143 -0.462717 -0.668654 -0.897222 -0.815753 -0.669785 -0.622316 -1.012653 -0.313965 -1.005424 0.064826 -1.551229 -0.007680 
 31 -0.306184 0.688784 0.556629 0.002927 1.322915 -0.316963 -0.462717 -0.668654 -0.594965 -0.815753 -0.506183 -0.333050 -0.211222 -0.313965 -0.800276 0.064826 -1.008793 -0.007680 
 32 -0.378260 -0.251930 -0.438176 -0.064013 0.270968 -0.347357 0.111421 -0.273608 -0.897222 -0.815753 -0.178978 -0.260734 -0.411580 -0.313965 -0.677187 0.064826 -1.215435 -0.007680 
 33 -0.485908 -0.251930 -0.438176 -0.163989 1.322915 -0.687214 -0.462717 -0.407924 -0.594965 -0.578541 1.129840 -0.260734 0.089315 -0.313965 -0.759247 0.064826 -1.189605 -0.007680 
 34 -0.702138 -0.983313 -0.924105 -0.676037 1.322915 -0.800500 0.685558 -0.194599 -0.292708 -0.525827 -0.015376 -0.622316 -0.611937 -0.313965 -0.513069 0.064826 -1.215435 -0.007680 
 35 -0.198537 -0.461261 -0.659544 0.102902 1.322915 -0.641624 0.111421 -0.597546 -0.594965 -0.815753 -0.506183 -0.333050 -1.112831 -0.313965 -1.087484 0.064826 -1.422077 -0.007680 
 36 -0.762046 0.104188 -0.061581 -0.420447 0.270968 -0.380514 0.685558 -0.321014 -0.292708 0.923806 -0.833387 -0.188417 -0.712116 -0.313965 -1.005424 0.064826 -1.370417 -0.007680 
 37 -0.246276 0.291820 0.136840 0.058565 -0.780980 0.422158 0.111421 -0.083986 0.916319 0.238525 -0.342580 0.173165 -0.812295 -0.313965 -1.169543 0.064826 -1.086284 -0.007680 
 38 0.376206 0.062067 -0.106125 0.636684 1.322915 -0.528338 0.111421 -0.668654 -0.897222 -0.815753 -0.015376 -0.477683 -0.211222 -0.313965 -1.005424 0.064826 -1.215435 -0.007680 
 39 0.256390 -0.042599 -0.216808 0.525406 0.270968 -0.460643 0.111421 -0.534339 -0.594965 -0.815753 -0.833387 0.173165 -0.611937 -0.313965 -0.964395 0.064826 -1.370417 -0.007680 
 40 -0.390429 -0.544228 -0.747281 -0.075315 2.374863 -0.765962 0.685558 -0.147194 -0.897222 -0.815753 -0.996989 0.028532 -1.012653 -0.313965 -1.210572 0.064826 -1.163775 -0.007680 
 41 -1.216972 -1.005012 -1.013192 -0.987264 1.322915 -0.868195 0.111421 -0.471131 -0.292708 -0.815753 -0.669785 -0.622316 -1.313189 -0.313965 -1.210572 0.064826 -1.654550 -0.007680 
 42 -0.054383 -0.125566 -0.304546 0.236782 0.270968 -0.177428 -1.036854 -0.795069 -0.897222 -0.815753 -0.342580 -0.622316 -0.712116 -0.313965 -0.882335 0.064826 -0.621339 -0.007680 
 43 -0.330521 -0.837802 -0.725684 -0.386543 0.270968 -0.630571 -0.462717 0.500682 -0.897222 -0.815753 -0.833387 -0.622316 -0.712116 0.586232 -1.046454 0.064826 -1.628720 -0.007680 
 44 -0.905263 -0.397441 -0.592054 -0.553458 1.322915 -0.702411 0.111421 -0.273608 -0.897222 -0.815753 -0.996989 -0.622316 -0.812295 -0.313965 -1.169543 0.064826 -1.577059 -0.007680 
 45 0.615838 -0.084721 -0.261352 0.859237 0.270968 -0.482747 -1.036854 -0.795069 -0.594965 -0.815753 -0.669785 0.028532 -1.112831 -0.313965 -1.128513 0.064826 -1.680380 -0.007680 
 46 -0.868757 0.511363 0.369006 -0.519553 -1.832927 -1.003586 -1.036854 -0.795069 -0.897222 30.496311 -1.160592 85.289627 -1.413368 -5.115007 -1.415721 -11.178629 -1.861192 132.923065 
 47 -0.090889 -0.941192 -0.438176 -0.909892 1.322915 -0.626427 -1.036854 -0.795069 -1.199479 -1.237465 -1.324194 -1.779379 -1.213010 -0.313965 -1.169543 0.064826 -1.318756 -0.007680 
 48 -0.797616 -0.941192 -1.079332 -1.009867 2.374863 -0.924838 0.111421 -0.668654 -1.199479 -1.237465 -0.996989 -0.622316 -1.112831 -0.313965 -1.128513 0.064826 -1.551229 -0.007680 
 49 -1.049417 -0.983313 2.702815 -0.942927 1.322915 0.369660 -0.462717 -0.273608 0.009549 -0.710326 -0.833387 -0.188417 -0.912474 -0.313965 -1.251602 0.064826 -0.982963 -0.007680 
 50 -0.593555 -0.356596 -0.548860 -0.263964 -0.780980 -0.279661 -1.036854 -0.795069 -0.897222 -0.815753 -1.324194 -1.779379 -1.112831 -0.313965 -1.374691 0.064826 -1.525399 -0.007680 
 51 -0.617892 -0.795681 -0.261352 -0.609096 2.374863 -0.674781 -1.036854 -0.795069 -0.594965 -0.578541 -1.160592 -0.622316 -1.012653 2.386622 -0.841306 0.064826 -0.957132 -0.007680 
 52 1.047362 0.146310 -0.017038 1.260008 -0.780980 0.264663 -0.462717 0.239951 -0.594965 -0.815753 -1.160592 0.607064 -0.712116 -0.313965 -1.046454 0.064826 -1.577059 -0.007680 
 53 -0.689969 0.062067 -0.106125 -0.353507 0.270968 -0.336304 0.111421 -0.344717 1.218576 -0.473113 -0.178978 -0.622316 0.289672 -0.313965 -0.389980 0.064826 -0.337205 -0.007680 
 54 -0.030981 0.480729 0.336611 0.258516 -0.780980 0.626626 -1.036854 -0.795069 -0.594965 0.054026 -1.160592 -0.622316 -1.012653 -0.313965 -0.964395 0.064826 -1.112114 -0.007680 
 55 0.076666 0.688784 0.556629 0.358491 -0.780980 0.851816 -1.036854 -0.795069 -0.897222 0.923806 -1.160592 2.993506 -1.213010 -0.313965 -1.333661 0.064826 -1.215435 -0.007680 
 56 -0.869693 0.940237 0.822540 -0.520423 1.322915 0.391765 -1.036854 -0.795069 -0.897222 -0.367685 -0.669785 0.317798 -0.812295 -0.313965 -0.513069 0.064826 0.282722 -0.007680 
 57 -0.845355 -0.795681 -0.504316 -0.664735 1.322915 -0.596033 -1.036854 -0.795069 -0.897222 2.637008 -0.669785 0.896329 -1.112831 -0.313965 -1.046454 0.064826 -1.241265 -0.007680 
 58 0.101003 0.146310 -0.017038 0.381094 0.270968 -0.245123 -0.462717 -0.668654 -1.199479 -1.237465 -0.996989 0.607064 -1.112831 -0.313965 -1.169543 0.064826 -1.008793 -0.007680 
 59 -0.413831 1.672896 1.597327 -0.097049 0.270968 0.670835 -0.462717 0.239951 -1.199479 -1.237465 0.311829 0.607064 -0.010864 0.886296 0.922969 0.064826 1.625897 -0.007680 
 60 -0.713371 -0.251930 -0.438176 -0.375241 0.270968 -0.380514 -0.462717 -0.020779 -0.594965 -0.156829 -1.160592 -0.622316 -0.812295 -0.313965 -0.882335 0.064826 -1.344587 -0.007680 
 61 -0.713371 -0.523806 -0.659544 -1.065506 0.270968 -0.630571 -0.462717 2.697137 -1.199479 -1.237465 -1.160592 -0.622316 -0.712116 -0.313965 -0.841306 0.064826 -0.982963 -0.007680 
 62 -0.749877 -0.105143 0.070700 -0.676037 0.270968 0.173482 0.685558 -0.107689 -0.594965 -0.367685 -0.506183 0.607064 -0.611937 -0.313965 -0.431009 0.064826 -0.078902 -0.007680 
 63 0.915377 -0.042599 -0.216808 1.137430 -0.780980 0.060196 -0.462717 -0.668654 -0.897222 -0.815753 -0.342580 -0.622316 -1.012653 -0.313965 -1.128513 0.064826 -1.370417 -0.007680 
 64 -1.061586 -0.795681 -1.013192 -0.798615 0.270968 -0.754910 -0.462717 0.113537 -0.897222 0.502094 -0.833387 -0.622316 -0.812295 -0.313965 -0.882335 0.064826 -1.318756 -0.007680 
 65 -1.564251 -0.691015 -0.902508 -1.165481 -1.832927 -1.003586 0.685558 0.326861 0.311805 -0.815753 -0.506183 -0.622316 -1.213010 -0.313965 -1.292632 0.064826 -1.602889 -0.007680 
 66 0.196482 0.187155 0.026156 0.469768 -0.780980 0.308872 -0.462717 -0.668654 -1.199479 -1.237465 -1.160592 -0.622316 -1.112831 -0.313965 -1.210572 0.064826 -1.112114 -0.007680 
 67 -0.677800 -0.147265 -0.327492 -0.342206 -0.780980 -0.053090 1.259695 -0.439528 1.218576 -0.578541 0.966238 -0.405367 -0.010864 -0.313965 -0.595128 0.064826 -0.879641 -0.007680 
 68 -0.330521 0.104188 -0.061581 -0.019676 0.270968 -0.347357 0.111421 -0.471131 0.614062 -0.235900 -0.342580 -0.622316 -0.211222 0.286166 -0.882335 0.064826 -1.034623 -0.007680 
 69 -0.713371 0.898115 0.777996 -0.375241 0.270968 0.082301 0.111421 0.500682 0.009549 -0.578541 -0.342580 -0.405367 -0.411580 -0.313965 -0.595128 0.064826 -0.595508 -0.007680 
 70 -0.725540 -0.795681 -0.879562 -0.464784 1.322915 -0.777014 0.685558 -0.581744 1.218576 -0.420399 -0.178978 -0.405367 -0.311401 -0.313965 -0.759247 0.064826 -1.473738 -0.007680 
 71 -0.342690 -0.900347 0.247524 -0.564760 0.270968 -0.166376 0.111421 -0.407924 -0.594965 -0.815753 -0.506183 0.100848 -0.812295 -0.313965 -1.333661 0.064826 -1.163775 -0.007680 
 72 -1.097156 -0.586350 -0.791824 -0.731675 2.374863 -0.777014 0.111421 -0.273608 -0.594965 -0.578541 -0.178978 -0.405367 -0.912474 -0.313965 -1.210572 0.064826 -1.499568 -0.007680 
 73 -0.642230 -0.606772 -0.813421 -0.309170 0.270968 -0.765962 0.685558 -0.668654 -0.594965 -0.815753 -0.506183 -0.622316 -0.812295 -0.313965 -1.251602 0.064826 -1.680380 -0.007680 
 74 -0.258444 0.396486 0.247524 0.047264 0.270968 0.038092 -1.036854 -0.795069 -1.199479 -1.237465 -1.160592 0.607064 -1.112831 -0.313965 -1.374691 0.064826 -1.137944 -0.007680 
 75 -0.570153 -0.648894 -0.857965 -0.242230 0.270968 -0.687214 -1.036854 -0.795069 -0.897222 -0.815753 0.802636 -0.622316 -0.010864 -0.313965 -0.923365 0.064826 -1.577059 -0.007680 
 76 -0.342690 0.104188 -0.061581 -0.030978 -0.780980 0.219073 -1.036854 -0.795069 -0.594965 0.054026 -1.324194 -1.779379 -1.112831 -0.313965 -1.251602 0.064826 -1.370417 -0.007680 
 77 -0.485908 -0.816103 -1.034789 -0.163989 -0.780980 -0.777014 -0.462717 -0.273608 -1.199479 -1.237465 -1.160592 -0.622316 -1.213010 -0.313965 -1.333661 0.064826 -1.783702 -0.007680 
 78 -0.821954 -0.711438 -0.349089 -0.998566 0.270968 -0.369461 -1.036854 -0.795069 -1.199479 -1.237465 -0.342580 -0.622316 -0.912474 -0.313965 -1.046454 0.064826 -1.241265 -0.007680 
 79 -0.030981 -0.983313 0.490488 -0.564760 2.374863 -0.528338 -1.036854 -0.795069 -0.594965 -0.815753 -0.996989 -0.622316 -0.511758 -0.313965 -0.595128 0.064826 -1.189605 -0.007680 
 80 0.041095 -1.005012 -1.079332 -0.219627 0.270968 -0.901352 -0.462717 -0.668654 -0.292708 -0.815753 -0.833387 -0.622316 -1.112831 -0.313965 -1.292632 0.064826 -1.835362 -0.007680 
 81 0.041095 -0.209809 -0.393633 0.325456 -0.780980 -0.120785 -0.462717 -0.534339 -0.897222 -0.815753 -1.324194 -1.779379 -1.112831 -0.313965 -1.210572 0.064826 -1.422077 -0.007680 
 82 0.376206 -0.356596 -0.548860 0.636684 0.270968 -0.584981 -0.462717 -0.668654 -0.897222 -0.815753 -1.160592 -0.622316 -0.611937 -0.313965 -0.964395 0.064826 -1.525399 -0.007680 
 83 -0.630061 -0.565927 -0.770228 -0.887289 0.270968 -0.506233 1.259695 -0.439528 0.916319 -0.499470 -0.342580 -0.405367 -0.511758 -0.313965 -0.759247 0.064826 -0.750490 -0.007680 
 84 -1.109325 0.647939 0.513435 -0.742977 1.322915 -0.384658 1.259695 1.409287 -0.594965 1.345517 -0.342580 0.751696 -0.411580 -0.313965 -0.513069 0.064826 -0.466357 -0.007680 
 85 0.041095 -0.878648 -1.100929 0.325456 0.270968 -0.912405 -1.036854 -0.795069 -0.897222 -0.815753 -0.669785 -0.622316 -1.112831 -0.313965 -1.210572 0.064826 -1.809532 -0.007680 
 86 0.148743 0.521574 0.379804 0.425431 0.270968 -0.155323 -1.036854 -0.795069 -0.594965 0.054026 -1.160592 -0.622316 -1.313189 -0.313965 -1.087484 0.064826 -1.137944 -0.007680 
 87 -0.426000 -0.795681 -1.013192 -1.299361 0.270968 -0.800500 0.685558 -0.107689 0.311805 0.396667 -0.015376 -0.333050 -0.611937 -0.313965 -0.389980 0.064826 -1.215435 -0.007680 
 88 0.592436 1.337200 1.242329 0.837504 -0.780980 1.553636 0.685558 0.500682 -0.292708 -0.235900 0.311829 1.185595 0.790566 -0.013899 0.102376 0.064826 1.031800 -0.007680 
 89 -0.462506 -1.005012 -0.150668 -0.375241 0.270968 -0.426104 -1.036854 -0.795069 -1.199479 -1.237465 -1.160592 4.150570 -0.912474 1.786492 -1.046454 0.064826 -1.137944 -0.007680 
 90 0.664513 0.688784 0.556629 0.904444 -0.780980 0.851816 -0.462717 1.148557 -1.199479 -1.237465 -0.996989 0.607064 -0.511758 0.886296 -1.087484 0.064826 -0.724660 -0.007680 
 91 -0.234107 0.291820 0.136840 0.069867 -0.780980 0.422158 -0.462717 -0.020779 -1.199479 -1.237465 -1.324194 -1.779379 -1.012653 -0.313965 -1.128513 0.064826 -1.396247 -0.007680 
 92 -0.833187 0.313519 0.159787 -0.486518 0.270968 -0.268609 -1.036854 -0.795069 -1.199479 -1.237465 -1.160592 -0.622316 -0.712116 -0.313965 -1.005424 0.064826 -1.060453 -0.007680 
 93 -0.762046 0.898115 0.777996 -0.420447 1.322915 -0.173283 0.685558 -0.321014 -0.594965 -0.367685 -0.996989 -0.622316 -0.812295 -0.313965 -1.005424 0.064826 -0.750490 -0.007680 
 94 -0.390429 -0.042599 -0.216808 -0.075315 -0.780980 0.060196 -1.036854 -0.795069 0.009549 -0.578541 0.148227 -0.622316 -0.311401 0.286166 -0.389980 0.064826 -1.112114 -0.007680 
 95 -0.498076 -0.377018 0.734803 -0.564760 0.270968 0.365515 -0.462717 -0.668654 -0.292708 0.765664 -0.342580 0.028532 1.191282 0.886296 1.907680 0.064826 1.703387 -0.007680 
 96 0.005525 -0.962891 -1.167070 -1.566252 -0.780980 -0.935891 -0.462717 -0.668654 -1.199479 -1.237465 -0.833387 0.607064 -1.213010 -0.313965 -1.251602 0.064826 -1.706211 -0.007680 
 97 0.076666 -0.167687 -0.349089 0.358491 -0.780980 -0.075194 -0.462717 0.113537 1.520833 -0.183186 0.802636 0.317798 0.289672 -0.013899 -0.225861 0.064826 -0.414696 -0.007680 
 98 0.041095 -0.962891 -1.190016 0.325456 0.270968 -0.957995 -1.036854 -0.795069 -0.897222 -0.815753 -1.324194 -1.779379 -1.413368 -5.115007 -1.210572 0.064826 -1.732041 -0.007680 
 99 1.107270 -0.523806 -0.725684 1.315647 -0.780980 -0.460643 -1.036854 -0.795069 -0.594965 0.923806 -0.342580 -0.188417 -0.912474 0.886296 -0.882335 0.064826 -1.215435 -0.007680 
100 0.544697 0.208854 0.049103 0.793167 0.270968 -0.312818 0.111421 -0.344717 -0.897222 -0.815753 -0.833387 -0.622316 -0.611937 0.286166 -0.882335 0.064826 -1.267096 -0.007680 
