  1 1.286055 -0.916410 0.203450 0.181874 -0.273381 -0.039556 0.971719 0.262003 0.092015 1.134007 1.079555 -1.730292 -2.346373 -1.346377 -1.892250 -2.323171 -1.035803 -1.898141 -1.852382 -0.738903 
  2 -0.545707 -0.264474 0.106925 0.198933 0.394738 0.194204 0.278698 0.844669 -0.641385 0.328255 0.626231 -1.992907 -1.888033 -1.403668 -1.979732 -1.756672 -1.253443 -1.808030 -1.273606 -1.203601 
  3 -1.736373 -0.302676 0.029901 -0.392005 0.414304 0.400377 -0.357219 0.961005 0.310472 -0.383095 -0.340227 -1.832419 -1.646361 -1.852599 -2.062663 -1.866140 -2.133572 -2.052730 -1.571023 -2.006944 
  4 -1.030814 -0.140384 -0.616245 -2.956637 0.345306 -1.251832 0.063201 1.438977 -1.179209 -0.486970 1.378010 -1.178430 -1.210854 0.004327 -1.542393 -1.002820 -0.369701 -1.281651 -0.414017 -1.135251 
  5 0.645181 0.046591 0.118424 0.353181 0.441195 0.608963 -0.081080 1.222873 0.355205 0.456036 -0.952724 -1.590312 -1.274010 -0.196985 -1.892958 -1.536319 -0.816242 -1.723380 -1.435184 -1.042487 
  6 -0.773764 -0.547117 -0.001443 -0.968110 0.110868 0.138768 -0.522316 0.636427 0.147153 -0.333863 0.333469 -1.898525 -2.305097 -1.713693 -2.101631 -2.243677 -2.236737 -2.068724 -1.766453 -1.994980 
  7 -1.660024 -0.195392 0.228180 -1.308572 0.430599 0.340532 -0.453001 0.837174 0.136748 -0.572163 -0.862050 -1.943655 -1.962012 -1.304349 -2.246012 -2.003036 -1.083956 -2.183233 -1.677536 -1.405872 
  8 0.296018 -0.350583 -0.739379 1.058840 0.318097 0.448053 -0.669935 0.883135 0.114897 -0.227993 -0.214847 -1.832651 -1.290589 0.567937 -2.077321 -1.819655 -0.208105 -2.076439 -1.558583 -0.502090 
  9 -0.566936 0.164342 0.110480 -2.138790 0.822770 -0.004180 0.141757 1.277000 0.331283 -0.477987 0.562833 -2.080759 -2.082741 0.522498 -2.158055 -2.034092 -1.020594 -2.092043 -1.670366 -1.379883 
 10 -1.117694 0.253708 0.028834 -1.965484 0.919164 0.171939 0.904632 1.250567 0.285511 0.098757 0.052087 -1.785428 -1.253515 -1.361788 -1.872115 -1.666128 -0.925367 -1.883653 -1.513910 -0.521320 
 11 -0.759361 0.748243 -0.225866 -0.451811 0.855920 -0.095173 -0.470989 1.191771 0.344799 0.004485 0.626269 -1.350846 -2.097415 -1.982256 -1.976529 -2.150843 -2.243083 -1.897374 -1.730689 -2.024749 
 12 -0.018589 -0.153044 1.068812 0.136865 0.787959 -1.645272 0.510962 0.734470 0.046243 1.504563 -0.299383 -1.053629 -0.022897 0.719948 -1.044817 0.167280 -0.039659 -0.594133 0.556989 -0.154451 
 13 -1.225293 -1.082521 0.498864 -0.369159 0.418851 0.220290 0.113823 0.961375 0.059767 0.147210 -0.219574 -0.777186 -1.508436 -1.047167 -1.108900 -1.530191 -1.620051 -1.381045 -1.336177 -1.599984 
 14 -0.658430 -0.889048 0.076537 1.766474 0.319477 0.669474 -0.085399 0.399289 -0.004728 2.121991 0.763276 -1.761359 -1.416777 2.206033 -1.702145 -1.385766 -0.182373 -1.405176 -0.959445 0.444379 
 15 1.091172 -0.578199 0.091517 -0.481329 0.186280 0.272683 -0.094263 0.604094 0.372888 -0.399943 1.724143 -0.977474 -0.531512 -0.604876 -1.305447 -0.884728 -0.912075 -1.422896 -0.801398 -1.339177 
 16 -0.160991 -0.563239 -0.459315 0.424743 -0.485783 0.125811 1.272052 0.864577 0.467561 1.505850 2.305994 -1.527475 -0.976001 -0.670971 -1.657700 -1.020951 -0.441538 -1.279507 -0.397145 -0.411973 
 17 -1.667041 -0.447158 -0.096678 -1.171677 0.243945 0.157963 -0.616683 0.757207 0.166916 -0.793453 0.237056 -1.804859 -2.312952 -1.435106 -2.152944 -2.270007 -2.283589 -2.105083 -1.802588 -2.450824 
 18 -1.173187 -0.628561 -0.249843 -0.839444 0.512492 0.341274 -0.194953 1.104258 -0.144125 -0.354212 0.611850 -1.169288 -1.239106 -0.090734 -1.283267 -1.152874 -0.951801 -1.555710 -1.164664 -1.232607 
 19 -1.751608 -0.003380 -0.327539 -1.384074 0.683190 0.383213 -0.845007 0.980406 0.159630 -1.048747 0.169081 -0.385479 -1.525587 -2.165567 -1.205044 -1.476961 -2.439280 -1.247802 -0.959113 -2.132030 
 20 0.037656 -0.173535 0.598258 0.793804 0.282146 -0.129786 0.043153 0.724435 0.031678 -0.487672 1.186842 -1.566805 -1.167067 -0.523187 -1.781524 -1.127041 -1.015612 -1.753957 -1.229563 -1.256807 
 21 -1.091593 -0.703237 0.124459 -1.218218 0.251507 -0.047824 -1.205782 0.833313 0.238698 -2.131360 0.733338 -1.596969 -1.617378 -1.157935 -1.772261 -1.686021 -1.741441 -1.746962 -1.454056 -1.625462 
 22 -0.758730 -0.204636 -0.698240 -0.904456 0.622057 0.248914 -0.139549 1.116199 0.084737 -0.289985 0.339009 -2.186987 -1.834341 1.293900 -2.069419 -1.829670 -0.419156 -1.843893 -1.296577 -1.414868 
 23 -0.298812 -0.299602 -0.134084 0.559331 0.653461 -0.086823 -0.307752 1.151172 0.062886 0.310985 0.917401 -1.485801 -0.591614 2.832472 -1.623366 -1.240779 0.651109 -1.628072 -1.068917 -0.438175 
 24 -2.075103 -0.201179 0.272301 -1.429964 0.332444 0.059764 -0.943051 0.780542 0.063926 -0.680710 -0.903626 -2.101157 -1.838187 -2.031878 -2.136724 -1.923196 -2.316327 -2.001239 -1.608643 -2.197151 
 25 -1.021508 0.511371 0.584007 0.533479 1.318234 0.101832 0.023011 1.318374 -0.220066 -0.237252 0.561448 -1.114750 -1.284120 -0.846744 -1.399726 -1.328257 -0.924919 -1.148200 -0.832432 -1.008777 
 26 -0.666397 -0.213903 -0.161086 -1.103118 0.437195 0.299052 -0.675131 0.888128 0.159630 -0.472163 -1.286803 -2.254968 -2.214472 -1.867830 -2.208502 -1.892643 -2.129561 -2.106226 -1.489272 -1.823259 
 27 -0.989360 -0.340046 -0.160845 1.472752 0.333803 0.043522 0.119675 0.745726 0.024400 -0.986087 -0.341617 -2.308686 -2.359326 -0.542049 -2.332339 -2.181627 -1.415815 -2.225134 -1.781775 -1.268149 
 28 0.101168 -0.255224 -0.095600 -0.050664 0.458544 0.061756 0.458780 0.874946 0.077451 0.522491 -1.401559 -2.527506 -2.531974 -1.920323 -2.501619 -2.341683 -1.807801 -2.380532 -1.865647 -1.534728 
 29 -1.141274 -0.446971 0.083274 -0.301983 0.273947 -0.026368 0.006164 0.715525 0.101381 -0.243430 -1.601788 -1.986430 -1.697908 -1.579519 -2.025763 -2.114724 -2.241575 -2.025755 -1.780381 -2.039428 
 30 -0.130028 -0.149006 -0.061465 -0.874595 0.538565 0.020832 -0.281164 0.992190 0.195005 -0.399400 -0.437221 -2.440561 -2.277638 -0.683668 -2.411181 -2.318382 -1.927581 -2.300105 -1.867729 -2.223435 
 31 -0.945224 -0.355084 -0.365710 -0.539120 0.203937 0.029384 0.292434 0.712920 0.218927 -0.359000 -1.355456 -1.885370 -1.436348 -0.265812 -2.057242 -1.687823 -0.909460 -1.965644 -1.436909 -1.070013 
 32 0.261148 -0.109362 0.179613 -0.289235 0.484279 0.336108 0.556081 1.008580 -0.109798 0.291034 -0.277902 -1.831392 -1.348405 -0.204159 -2.013169 -1.888935 -1.061328 -2.035336 -1.637170 -1.237221 
 33 -0.584344 -0.180129 0.148655 -0.100311 0.430787 0.176076 -1.247820 0.949236 -0.162857 -0.483409 -0.908484 -2.249722 -1.884528 -0.544927 -2.249225 -1.849625 -1.047030 -2.183752 -1.571173 -1.307967 
 34 0.165994 -0.031076 -0.129723 -0.043749 0.711752 0.223103 -0.126107 1.104065 0.383294 0.091710 -0.307574 -1.937699 -2.013500 -1.134074 -2.080200 -2.064162 -1.386996 -2.030713 -1.693594 -1.568521 
 35 -0.260563 -0.375570 0.305550 -0.434165 0.364724 0.120097 0.422319 0.836593 0.134669 0.803647 -0.160307 -2.162191 -2.155687 -0.990760 -2.338547 -2.229789 -0.780049 -2.261752 -1.769306 -0.837037 
 36 -0.857876 -0.333684 0.558468 -0.595295 0.198539 0.250327 1.390852 0.733697 0.172115 0.075146 -0.305305 -1.534643 -1.038631 2.444646 -1.779863 -1.129336 0.401415 -1.623402 -0.875395 -0.474816 
 37 -0.122386 -1.103548 -0.030170 -0.299817 -0.453149 0.523005 0.339649 0.231219 0.154431 0.504096 0.871928 -1.095074 -1.401488 -0.317921 -1.657540 -1.720177 -0.709384 -1.684976 -1.394338 -0.881616 
 38 -0.650317 -1.041563 0.188848 -1.029337 -0.263235 -0.039978 -0.907479 0.124157 0.183560 -0.153136 -0.145564 -1.488675 -2.188982 -1.201362 -1.642353 -2.139457 -1.412198 -1.576488 -1.674935 -1.456249 
 39 -0.424277 0.021035 -0.246935 -1.469897 0.639406 0.161020 -0.354069 1.102465 0.127382 -0.327715 -0.947090 -2.333372 -2.246727 -1.156492 -2.328684 -2.114323 -1.720648 -2.224519 -1.735566 -1.476744 
 40 0.085801 -0.410850 -0.113044 0.184559 0.276370 0.374917 -2.177047 0.836732 0.654810 2.448358 -1.074549 -2.107632 -2.067777 -0.026180 -2.141757 -1.921502 -0.151306 -2.017629 -1.484685 -0.312791 
 41 -0.521787 -0.378742 0.199124 -0.584118 0.352205 0.149164 -0.400260 0.841268 0.137788 0.232721 -0.740867 -2.167375 -1.787160 -1.769191 -2.302882 -2.263331 -1.876751 -2.218562 -1.771363 -1.882927 
 42 -1.288092 -0.388766 0.097013 -0.075941 0.406683 0.092506 0.011329 0.921535 -0.578968 0.042384 0.573764 -1.596910 -1.872787 -0.186028 -1.811602 -1.777503 -0.908517 -1.987209 -1.336712 -1.145801 
 43 2.172090 -0.602889 -0.022419 -0.940252 0.204253 0.405119 -0.932408 0.797685 -0.004728 0.556469 2.015723 -1.896294 -1.608294 1.632562 -1.824922 -1.578245 0.170552 -1.724871 -1.336184 -0.499918 
 44 0.256257 -0.394062 -0.300907 -1.659978 0.580911 0.206656 0.159811 0.657242 0.148193 0.618993 -0.313522 -2.035274 -2.082818 -0.968569 -2.004010 -2.100983 -1.147706 -2.044471 -1.598513 -0.571744 
 45 0.731575 -0.174420 0.069694 -2.573222 0.389901 -0.054457 0.985499 0.861783 0.275105 1.614475 -1.007054 -2.211750 -2.000538 0.451474 -2.189928 -1.835737 -0.574180 -2.097534 -1.506388 -0.284859 
 46 -0.136789 -1.443892 -0.118975 8.848184 -0.554194 -0.749138 5.733713 -0.184191 0.086817 -1.002149 0.740084 -1.551507 -1.644848 4.561244 -1.891415 -1.759611 0.375630 -1.905887 -1.654102 0.682981 
 47 -0.611737 -0.361032 -0.212923 0.304556 0.161972 0.252195 -0.272929 0.466623 0.221006 0.479929 -0.527299 -2.160458 -2.098112 -0.285570 -2.006361 -2.028004 -1.187694 -1.786395 -1.679031 -1.357050 
 48 2.125636 -0.333347 0.195784 1.788069 0.474063 0.230146 1.725790 0.880071 0.106579 1.391678 1.705934 -2.148525 -2.192799 -0.360029 -2.283154 -2.153075 -0.532032 -2.212435 -1.726647 -0.492134 
 49 -0.514800 -0.561144 0.077397 -0.004729 0.016484 0.214958 1.468392 0.509823 0.433225 0.567946 1.540180 -1.082170 -1.255609 -0.379038 -1.288564 -0.618553 -0.166521 -1.046980 0.118183 -0.037711 
 50 -1.357185 0.364976 0.076896 -0.868430 1.024302 0.120946 -0.413309 1.483983 0.213729 -0.053292 0.895966 -1.730976 -2.257997 -0.302929 -1.937926 -2.305650 -1.151845 -1.931194 -1.818125 -1.557102 
 51 -0.010211 0.504238 0.185089 0.705120 0.269111 -0.721375 0.905583 0.812233 0.170035 0.743939 1.571934 -0.508006 0.175754 0.805985 -1.114817 -0.927008 -0.363984 -0.879412 -0.686522 -0.461795 
 52 0.190363 -0.961902 -0.159900 0.337039 -0.017834 0.338865 1.446002 0.384743 0.200204 0.857213 3.022055 -1.420773 -1.521565 0.457253 -1.660143 -1.416922 0.015742 -1.711043 -1.296038 -0.183638 
 53 -0.441272 -0.539626 -0.035726 -0.917123 0.187419 0.109470 -0.077959 0.652357 0.147153 -0.651454 0.027211 -1.955349 -1.966519 -1.592509 -2.082360 -1.863828 -0.994953 -1.980722 -1.520763 -1.275613 
 54 -0.644743 -0.181579 -0.207420 -0.794716 0.072422 0.094973 -0.972882 0.524767 0.086817 -0.942192 -0.720920 -1.471738 -1.551065 -1.878998 -1.486370 -1.619443 -2.166801 -1.589018 -1.205231 -2.098788 
 55 -1.790627 -0.660771 0.370401 -0.594258 0.233005 -0.151417 -1.273439 0.730348 0.098253 -0.765040 0.000370 -0.672106 -1.644773 -2.161563 -1.367498 -1.373828 -2.238136 -1.520947 -0.987298 -2.068924 
 56 2.376105 -0.898104 0.096518 -0.662393 -1.237146 -0.745721 0.909492 0.471537 0.533096 2.011730 1.529467 0.427161 -0.899045 1.256211 0.080744 -0.517591 0.070967 1.297972 0.266473 0.391455 
 57 0.211019 0.015806 0.619342 -1.289867 0.877630 -0.033806 -0.535862 1.150728 0.264700 0.513775 2.815895 -0.587267 -0.644614 0.491430 -1.176864 -0.665339 -0.555585 -1.364635 -0.763229 -0.552596 
 58 -0.003386 -0.430652 -0.298277 -0.869822 0.169984 0.583459 -0.403817 0.604995 0.109699 -0.216121 1.836591 -1.443366 -0.840105 0.096569 -1.609723 -0.755277 -0.713547 -1.384738 -0.500479 -0.954838 
 59 -1.040320 0.439694 -0.195874 -2.351349 1.291514 0.029308 -1.901377 0.657407 0.370809 -1.283746 0.199808 -0.607037 -0.209333 -0.221814 -0.718174 -0.154860 -0.702556 -0.563854 0.469242 -0.826999 
 60 -1.138603 -0.332606 0.072274 -0.370163 0.422366 0.178406 -0.025102 0.846862 0.177322 -0.577129 0.155895 -2.104805 -1.998285 -1.562354 -2.261909 -2.122727 -2.062836 -2.191984 -1.728378 -1.997160 
 61 -1.525721 -0.201945 0.115888 -0.387581 0.407708 0.106271 -0.078244 0.898931 0.138827 -0.072757 -0.697539 -2.198838 -2.127295 -1.929356 -2.248714 -2.092686 -2.070513 -2.190726 -1.774783 -1.941106 
 62 -0.286667 -0.176714 0.906760 0.185587 -0.156124 1.059121 0.437411 1.018132 0.455076 0.149345 1.628113 0.191120 0.654525 0.168690 -0.364711 -0.138452 -0.696633 -0.334429 0.722140 -0.495519 
 63 -0.799516 -0.642038 -0.338524 -1.419695 -0.079393 -0.061783 -0.619605 0.540869 -0.064026 0.189634 0.141012 -1.641525 -1.811930 -1.284433 -1.845231 -1.848301 -1.330326 -1.853166 -1.488305 -1.245169 
 64 -0.164244 -0.510967 0.020578 -0.026919 0.148158 0.140025 -0.489431 0.653785 0.139867 -0.390001 -0.225678 -1.971837 -1.753022 -2.076701 -2.122441 -2.235508 -2.432292 -2.124001 -1.810907 -2.211462 
 65 -1.789286 -0.600770 -0.544377 -0.445788 0.528894 -0.161764 -0.101903 0.883808 0.027519 -0.031954 -0.433813 -1.549914 -1.602940 -1.267235 -1.923480 -1.674656 -1.651469 -2.089238 -1.548906 -1.860631 
 66 -1.626331 -0.460380 -0.018281 -0.323820 0.398775 0.064179 0.572697 0.883412 0.099293 -1.843896 0.292584 -2.111527 -2.128490 -1.874387 -2.193984 -2.146138 -1.193683 -2.199627 -1.704128 -1.289898 
 67 0.224593 0.198234 -0.000372 -1.041176 0.878327 -0.006287 0.230191 1.331373 0.149233 0.068844 -1.422651 -2.087480 -2.174797 -1.537062 -2.155176 -2.151389 -1.757715 -2.095422 -1.758448 -1.673692 
 68 -0.220218 -0.810282 -0.504776 0.762390 0.057407 -0.618587 0.357574 0.761309 -0.236710 -0.728505 1.245767 -1.750766 -1.091723 0.675813 -1.841357 -1.218856 1.234200 -1.751542 -1.152029 0.509396 
 69 0.436242 -0.569966 -0.064845 -0.263615 0.024820 -0.016725 -0.917893 0.560652 0.073292 0.217279 0.562914 -1.175954 -1.134940 -0.753830 -1.563280 -1.291108 -0.756507 -1.547182 -0.931489 -0.921780 
 70 0.225390 -0.869214 0.308107 1.346823 -0.040687 0.852709 0.938333 0.456976 0.473799 -0.245206 1.453877 -1.438613 -1.479004 0.749735 -1.622074 -1.346731 0.654964 -1.665566 -1.214869 -0.027052 
 71 -0.927793 -0.341309 0.012363 -0.898607 0.392334 0.295751 -0.811644 0.872262 0.113857 -0.342343 -0.109132 -1.876414 -1.925915 -1.175627 -2.105412 -2.076306 -1.852896 -2.134203 -1.722273 -1.878449 
 72 -0.101950 -0.402679 -0.069951 0.694730 0.343527 -0.016561 -0.677569 0.753922 0.264700 -0.701730 -0.285439 -2.083128 -2.144771 -0.594930 -2.211397 -2.123754 -0.885838 -2.136874 -1.723860 -1.301872 
 73 0.230707 -0.364231 -0.168200 -0.296050 0.230591 0.092278 0.525303 0.749378 0.142986 0.239899 0.708438 -2.081153 -2.204869 -1.000422 -2.274753 -2.250606 -1.185501 -2.199945 -1.816617 -1.216417 
 74 -0.356365 -0.266422 0.348517 -0.894180 0.553773 0.408107 -0.168557 0.858947 -0.143086 -0.202645 0.362176 -2.057106 -1.826055 0.631888 -1.990295 -1.557114 -0.017330 -1.688021 -1.066915 -0.509795 
 75 -0.762661 -0.153070 0.295419 -1.155174 0.503297 0.162782 -0.600016 0.960135 0.233491 -0.129611 1.932055 -2.264862 -2.132446 1.358301 -2.289726 -2.269711 0.166917 -2.202456 -1.769513 -0.519095 
 76 -1.948302 -0.018255 0.153831 -1.390385 0.555640 -0.079359 -0.924317 0.988738 0.095134 -0.924431 -0.691944 -2.203200 -2.090523 -1.032182 -2.100743 -1.941354 -1.358192 -2.142248 -1.660686 -1.615778 
 77 -0.343596 -0.225871 -0.119302 -1.204821 0.411373 -0.011463 -1.090345 0.720569 0.188759 -1.140663 2.064636 -1.686138 -1.945152 -1.162897 -2.029869 -2.168683 -1.822141 -1.993164 -1.777034 -2.185007 
 78 -0.832793 -0.684367 -0.319479 0.206403 0.273752 0.214595 -0.297729 0.843466 0.111778 -0.677447 1.148043 -0.415736 -1.472998 -1.062263 -1.220025 -1.690557 -1.700981 -1.234046 -1.417899 -1.904812 
 79 1.830103 -0.388805 0.022419 1.714119 0.429856 0.006731 1.003542 0.622051 0.168996 -0.049866 0.379817 -1.364500 -1.926452 -0.152628 -1.722494 -1.703478 -0.743151 -1.295143 -1.179192 -0.758912 
 80 0.126571 -0.105716 -0.284694 0.891413 0.500259 -0.258288 0.193645 0.581116 -0.093154 0.976172 1.606317 -2.051966 -1.754607 0.426816 -2.153126 -1.876449 -0.210334 -1.937118 -1.570633 -0.484350 
 81 -1.088345 -0.865198 -0.041835 -2.344579 0.317023 -0.137799 -1.166815 0.777817 0.354165 -0.365260 -0.091477 -0.648813 -1.824113 -1.679723 -1.199961 -1.799797 -1.998534 -1.427692 -1.449863 -1.926590 
 82 -0.270903 -0.810382 -0.382142 -0.194690 0.562004 0.599261 -0.691719 0.569606 0.131549 0.590993 0.009049 -0.620479 -1.328979 -0.606818 -1.257255 -1.623650 -0.804821 -1.140130 -1.402861 -0.908900 
 83 -0.850258 -0.602633 0.020359 -0.518551 -0.079830 -0.066957 -0.268899 0.431288 0.120104 0.230046 1.347123 -1.346863 -1.370851 0.300646 -1.650156 -1.747062 -0.497626 -1.679765 -1.576237 -0.805844 
 84 0.536629 -0.303206 -0.505791 -0.739967 0.291193 0.291156 1.062018 0.582089 0.266779 0.694214 2.483064 -1.188782 -1.035061 0.403824 -1.159645 -0.228691 0.293590 -0.737333 0.450444 0.306912 
 85 1.342773 0.520122 -0.031877 1.580322 1.003507 0.046211 -0.061808 1.133747 -0.504067 1.952602 1.478239 -1.605897 -1.426051 1.395116 -1.702479 -1.257042 -0.065329 -1.841511 -1.465821 -0.298876 
 86 -0.572567 -0.333477 -1.075551 -1.483258 0.017755 0.708603 -1.130711 0.543918 0.527889 -0.753913 1.545327 -1.402538 -1.501211 0.046155 -1.590261 -1.398428 -0.876630 -1.668993 -1.378894 -1.435444 
 87 0.415531 -0.498482 -0.168657 1.636829 0.251395 0.212051 -0.949394 0.795150 0.129461 -0.444208 0.353623 -1.686015 -1.192223 0.597956 -1.861882 -1.259780 -0.197021 -1.708002 -1.117394 -0.717851 
 88 -0.643726 0.603674 0.027875 0.096524 1.126050 0.509773 0.988591 1.162561 -0.380274 1.038077 1.254952 -1.633097 -1.419891 -0.307675 -1.673094 -1.104920 -1.009107 -1.179254 -0.641037 -0.893713 
 89 -1.115869 -0.208631 0.616966 -0.324001 0.415586 -0.078769 -0.401040 0.793390 0.306313 -0.670374 -0.703480 -1.494691 -1.651695 -1.887882 -1.903941 -1.757849 -2.135848 -1.862068 -1.353616 -2.324397 
 90 -1.851821 -0.714191 -0.241675 -0.813899 0.461462 0.215063 -0.929221 0.912642 0.304234 -0.730762 -0.436084 -0.312064 -1.078122 -1.803355 -0.725180 -1.394886 -2.438539 -0.846935 -0.827231 -2.327887 
 91 -0.050138 -0.023791 -0.045623 -2.679785 0.518075 0.059964 -0.038851 0.800341 -0.085876 -0.287866 -0.079816 -2.392282 -2.093678 -0.532959 -2.339500 -2.102886 -1.366315 -2.182192 -1.733799 -1.201357 
 92 -0.993442 0.020006 -2.034294 -1.771853 0.914428 -1.294175 -0.562463 1.009849 0.067045 -0.409218 1.899238 -1.285959 -0.329123 -0.532781 -1.490963 -0.660052 -1.169806 -1.664563 -0.732408 -1.428540 
 93 0.327583 0.052503 0.167617 -0.166335 -0.072799 -0.154850 0.363524 0.999233 0.037916 0.106289 1.083541 -1.440167 -1.875889 -1.171791 -1.333642 -1.857583 -1.585142 -0.818630 -1.526288 -1.717436 
 94 0.247057 -0.192296 0.248064 -1.709751 0.331467 0.108082 0.072536 0.695983 0.285511 0.111116 0.008246 -1.307643 -1.315444 0.202388 -1.591601 -1.655439 -1.606591 -1.695545 -1.319184 -1.269833 
 95 1.848337 -0.887133 -0.106177 -0.365198 0.089670 -1.094185 0.852677 0.136571 -0.310572 0.540730 1.286485 -0.747717 -0.702073 -0.792478 -0.960772 -0.264481 -0.967231 -0.742965 0.609066 -0.194544 
 96 -1.165236 -0.179404 0.042056 -1.992848 0.449644 0.085705 -0.640481 0.738298 0.015034 0.752630 0.428191 -2.470264 -2.446229 -0.281358 -2.369138 -2.316291 -0.690136 -2.140656 -1.816406 -1.008367 
 97 0.580804 -0.051999 -0.326052 -0.206430 0.211430 0.216546 0.471310 0.515169 0.073292 0.235606 0.456429 -1.541931 -0.543467 -0.041427 -1.625737 -1.147010 -0.191389 -1.623542 -1.078932 -0.757038 
 98 -0.339361 -0.285190 -0.115357 -0.829386 0.368818 0.072243 0.468288 0.641605 0.189798 0.642311 0.084970 -2.303774 -1.966107 -0.977320 -2.257955 -1.975434 -1.387092 -1.992590 -1.639384 -1.299902 
 99 0.002298 1.588245 0.566624 0.633916 0.430237 -0.851723 1.582427 0.731473 0.438432 2.188517 3.394017 -1.369776 -0.579382 -0.005835 -1.069874 -1.151101 -0.173282 -0.879401 -1.062454 -0.068774 
100 -1.086808 0.060357 0.040425 -0.021625 0.420924 0.088867 0.208215 0.866273 0.079530 0.205993 -0.424357 -2.303639 -2.206430 -2.066659 -2.289263 -2.050902 -1.979545 -2.136083 -1.687001 -1.797159 
